lowres 150   250    0.000  0.175
lowres 150   250    0.175  10.000
lowres 250   10000  0.05   10.000
lowres 250   600    0.000  0.05
lowres 600   10000  0.000  0.05
highres 150   250    0.000  0.175
highres 150   250    0.175  10.000
highres 250   10000  0.05   10.000
highres 250   600    0.000  0.05
highres 600   10000  0.000  0.05
highpt  600   10000    0.025   10.000 
highpt  150   600    0.130   10.000 
highpt  1250   10000    0.000   0.025 
highpt  150   450    0.000   0.130 
highpt  450   600    0.000   0.035 
highpt  450   600    0.035   0.130 
highpt  600   1250    0.000   0.015 
highpt  600   1250    0.015   0.025 
hzbb 150 2000 0.00 10.000
